[gd_scene load_steps=9 format=3 uid="uid://dfa4752g5k8bh"]

[ext_resource type="Material" uid="uid://7cmfm3gfgdew" path="res://materials/floor_material.tres" id="1_afohb"]
[ext_resource type="Material" uid="uid://cohdb63xv3636" path="res://materials/wall_material.tres" id="2_ryhpm"]
[ext_resource type="PackedScene" uid="uid://rqoknmxbsr8j" path="res://scenes/player/player.tscn" id="3_0uoqc"]
[ext_resource type="Script" path="res://scripts/world/autohider.gd" id="3_x5gll"]
[ext_resource type="PackedScene" uid="uid://c57q15chwj64c" path="res://scenes/player/camera_rig.tscn" id="4_1tr4h"]

[sub_resource type="ProceduralSkyMaterial" id="ProceduralSkyMaterial_72kiy"]
sky_horizon_color = Color(0.64625, 0.65575, 0.67075, 1)
ground_horizon_color = Color(0.64625, 0.65575, 0.67075, 1)

[sub_resource type="Sky" id="Sky_0i7rc"]
sky_material = SubResource("ProceduralSkyMaterial_72kiy")

[sub_resource type="Environment" id="Environment_jrbqr"]
background_mode = 2
sky = SubResource("Sky_0i7rc")
tonemap_mode = 2
glow_enabled = true

[node name="world" type="Node3D"]

[node name="WorldEnvironment" type="WorldEnvironment" parent="."]
environment = SubResource("Environment_jrbqr")

[node name="map" type="Node3D" parent="."]

[node name="floor" type="CSGBox3D" parent="map"]
material_override = ExtResource("1_afohb")
use_collision = true
size = Vector3(15, 1, 15)

[node name="wall" type="CSGBox3D" parent="map"]
transform = Transform3D(1, 0, 0, 0, 1, 0, 0, 0, 1, 7.5186, 1.9827, -0.0020895)
layers = 2
material_override = ExtResource("2_ryhpm")
use_collision = true
size = Vector3(1, 3, 14)

[node name="wall5" type="CSGBox3D" parent="map"]
transform = Transform3D(1, 0, 0, 0, 1, 0, 0, 0, 1, 1.8029, 1.9827, -3.50648)
layers = 2
material_override = ExtResource("2_ryhpm")
use_collision = true
size = Vector3(1, 3, 6.99121)
script = ExtResource("3_x5gll")

[node name="wall2" type="CSGBox3D" parent="map"]
transform = Transform3D(1, 0, 0, 0, 1, 0, 0, 0, 1, -7.53971, 1.96782, -0.0670843)
material_override = ExtResource("2_ryhpm")
use_collision = true
size = Vector3(1, 3, 14)

[node name="wall3" type="CSGBox3D" parent="map"]
transform = Transform3D(-0.0053339, 0.00217189, -0.999983, -0.000538561, 0.999997, 0.00217479, 0.999986, 0.000550127, -0.00533271, -0.00612795, 1.97997, 7.45041)
layers = 2
material_override = ExtResource("2_ryhpm")
use_collision = true
size = Vector3(1, 3, 15)

[node name="wall4" type="CSGBox3D" parent="map"]
transform = Transform3D(-0.0053339, 0.00217189, -0.999983, -0.000538561, 0.999997, 0.00217479, 0.999986, 0.000550127, -0.00533271, 0.0366245, 1.97054, -7.52279)
material_override = ExtResource("2_ryhpm")
use_collision = true
size = Vector3(1, 3, 15)

[node name="OmniLight3D" type="OmniLight3D" parent="map"]
transform = Transform3D(0.999985, 0, -0.00556757, 0, 1, 0, 0.00556757, 0, 0.999985, 0, 4.69237, 0)
layers = 3
omni_range = 11.6132

[node name="Player" parent="." instance=ExtResource("3_0uoqc")]
transform = Transform3D(0.707107, 0, 0.707107, 0, 1, 0, -0.707107, 0, 0.707107, 0, 0.61174, 0)

[node name="CameraRig" parent="." instance=ExtResource("4_1tr4h")]
